Position,Position [µm],C,O,Si,Ca,Zr,In,Pt,S,Cu,Ga,MSS,N
0,0,93.80662775,2.759964084,1.521511948,0.01516161,0.267193822,0.116585326,0.459649601,0.127457757,0,0,0.925848101,0
1,0.004500978,93.81957871,2.53561099,1.365620073,0.078500296,0.464161974,0.127110536,0.354525199,0.143742547,0,0,1.111149676,0
2,0.009001957,93.38319658,2.853943467,1.368003617,0.088736652,0.620444183,0.124680047,0.321437684,0.114994038,0,0,1.124563737,0
3,0.013502935,92.73072046,3.104430069,1.373861162,0.174476779,0.876832858,0.110103898,0.23101712,0.114994038,0,0,1.28356362,0
4,0.018003914,92.54520279,3.050218696,1.436207018,0.184669449,1.006025881,0.111075196,0.17626623,0.105206658,0,0,1.385128076,0
5,0.022504892,92.16278773,3.061911127,1.543327817,0.2128064,1.083850406,0.146655281,0.145738598,0.038519384,0,0,1.604403255,0
6,0.027005871,91.9640431,3.250548736,1.69438905,0.218528477,0.872837121,0.152545367,0.175042743,0,0,0,1.672065405,0
7,0.031506849,92.22416315,2.999562525,1.653227011,0.246742773,0.623722517,0.129553749,0.137225218,0,0,0,1.985803056,0
8,0.036007828,93.03145004,2.669683444,1.427304953,0.245860677,0.324261248,0.129553749,0.119956141,0,0,0,2.051929749,0
9,0.040508806,93.85416971,2.255433408,1.145962222,0.267349337,0.147409285,0.139565515,0.165511749,0,0,0,2.024598772,0
10,0.045009785,94.61818971,1.983279538,0.881918931,0.272384113,0,0.182360351,0.2346941,0,0,0,1.82717326,0
11,0.049510763,95.11164316,1.719120849,0.610927076,0.212958766,0,0.19850184,0.206403663,0,0,0,1.940444642,0
12,0.054011742,95.24063472,1.837478795,0.454518316,0.187107929,0,0.215226328,0.305436425,0,0,0,1.759597483,0
13,0.05851272,94.83439425,2.199103557,0.54006566,0.102249898,0,0.215226328,0.339461277,0,0,0,1.769499032,0
14,0.063013699,94.33795519,2.587469967,0.773171437,0.061471602,0,0.202799284,0.400211438,0,0,0,1.636921083,0
15,0.067514677,94.06373799,2.82848708,0.947824361,0.028299874,0,0.121765432,0.351710861,0,0,0,1.658174399,0
16,0.072015656,93.91005183,3.222202365,1.10698923,0.028299874,0,0.096579368,0.46275253,0,0,0,1.173124801,0
17,0.076516634,94.23791684,3.142849145,1.138592524,0,0,0.137445204,0.420555876,0,0,0,0.922640414,0
18,0.081017613,94.46120022,3.025749469,1.192363178,0,0,0.21452825,0.41331638,0.062370306,0,0,0.6304722,0
19,0.085518591,94.26288321,3.095190118,1.21606524,0,0,0.288016346,0.290135042,0.137280447,0,0,0.710429598,0
20,0.090019569,94.272149,3.105898641,1.162770363,0,0.11424364,0.297821718,0.261248048,0.193587828,0,0,0.592280766,0
21,0.094520548,94.13549587,3.012149068,1.152350244,0.033632848,0.224370044,0.276692525,0.141362273,0.193587828,0,0,0.830359303,0
22,0.099021526,93.6621219,3.192715716,1.258754366,0.083531522,0.289724743,0.219102201,0.084526165,0.20253545,0,0,1.006987935,0
23,0.103522505,93.44099152,3.044214085,1.255053292,0.140606213,0.314642568,0.142019156,0,0.232274698,0,0,1.430198471,0
24,0.108023483,93.37729112,2.988575243,1.291304736,0.172671023,0.314642568,0.053846829,0,0.226361289,0,0,1.575307194,0
25,0.112524462,93.11739074,2.998835594,1.399127978,0.205357428,0.200398928,0.007453551,0,0.205221045,0,0,1.866214732,0
26,0.11702544,92.55422967,3.358787155,1.597779863,0.217708996,0.090272523,0,0.02011477,0.217589645,0,0,1.943517379,0
27,0.121526419,92.66520975,3.042709516,1.818435535,0.167810321,0.105667183,0,0.02011477,0.241807873,0,0,1.938245056,0
28,0.126027397,92.40723752,3.372832166,1.967990321,0.11073563,0.214373905,0,0.02011477,0.149698319,0,0,1.757017369,0
29,0.130528376,92.46609513,3.311664659,2.00575436,0.124680221,0.40720824,0.008157107,0.036215329,0.080701587,0,0,1.559523365,0
30,0.135029354,92.34112833,3.467243457,1.904194298,0.181184864,0.547389616,0.087221483,0.145455832,0.04553445,0,0,1.280647666,0
31,0.139530333,92.66937534,3.092610328,1.836338615,0.204570789,0.651226963,0.166285319,0.20336946,0.03316585,0,0,1.143057338,0
32,0.144031311,92.45787557,3.339721385,1.830864043,0.204570789,0.570477604,0.201291141,0.272464216,0,0,0,1.122735247,0
33,0.14853229,92.50059365,3.452165206,1.780208096,0.204570789,0.436853058,0.209958739,0.38366731,0,0,0,1.031983151,0
34,0.153033268,92.40264125,3.516234618,1.851673493,0.158561388,0.310955587,0.209352308,0.479343622,0,0,0,1.071237729,0
35,0.157534247,92.40507887,3.53762742,1.966361473,0.069370341,0.30698273,0.184064471,0.483829408,0.027972181,0,0,1.018713109,0
36,0.162035225,92.08848483,3.716357804,2.130316503,0,0.272939354,0.160111404,0.545658506,0.05663837,0,0,1.029493227,0
37,0.166536204,92.55304226,3.405533543,2.098613785,0,0.272939354,0.125105582,0.608147848,0.05663837,0,0,0.879979258,0
38,0.171037182,92.39736281,3.440655578,2.103674753,0,0.272939354,0.116437985,0.702979124,0.05663837,0,0,0.909312029,0
39,0.17553816,92.46276168,3.646807706,1.873670196,0,0.229452116,0.108887308,0.716508427,0.05663837,0,0,0.905274194,0
40,0.180039139,92.71491602,3.662079737,1.65686012,0,0.143764322,0.055110769,0.695582326,0.028666189,0,0,1.043020519,0
41,0.184540117,93.68946376,3.190859163,1.363264535,0,0.151486308,0,0.55572483,0,0,0,1.049201399,0
42,0.189041096,93.44485297,3.258789963,1.208537786,0,0.368718044,0.009189144,0.469484738,0,0,0,1.240427356,0
43,0.193542074,93.29522593,3.060055523,1.277504542,0,0.608824427,0.036273857,0.397100392,0.032872634,0,0,1.292142696,0
44,0.198043053,92.52592149,2.930443921,1.636260324,0,0.818639952,0.105345485,0.466557218,0.11670466,0,0,1.400126948,0
45,0.202544031,91.86759553,2.858787122,2.089206697,0,0.872522018,0.176007153,0.443493296,0.256067671,0,0,1.436320516,0
46,0.20704501,91.05621876,3.265545255,2.316195414,0,0.844692002,0.226449648,0.509869147,0.327493225,0,0,1.453536545,0
47,0.211545988,91.14726696,3.476506459,2.221298313,0,0.704182762,0.225915029,0.575560529,0.337997197,0,0,1.311272751,0
48,0.216046967,91.20176018,3.746511338,2.176889099,0,0.565139689,0.241581221,0.526292563,0.305124563,0,0,1.236701346,0
49,0.220547945,91.369802,3.967767867,2.031958337,0,0.48044298,0.222786476,0.356338785,0.231462687,0,0,1.339440863,0
50,0.225048924,91.41641482,4.032360356,1.992405201,0,0.517645891,0.176085123,0.286602518,0.121180237,0,0,1.457305855,0
51,0.229549902,91.27490686,4.026999922,2.055689903,0,0.591218872,0.125642628,0.253159186,0.08013006,0,0,1.592252572,0
52,0.234050881,90.39186948,4.353401678,2.397417282,0.037859322,0.679783638,0.116988103,0.241487665,0.151091393,0,0,1.63010144,0
53,0.238551859,89.89280829,4.366530646,2.299232701,0.050384949,0.677152834,0.074237198,0.661176603,0.204996428,0,0,1.773480348,0
54,0.243052838,89.03931052,4.214644047,2.214850725,0.148501935,0.592838666,0.023960315,1.580583209,0.234412615,0,0,1.950897968,0
55,0.247553816,87.96253297,4.024542504,1.899889939,0.24533849,0.520413783,0.015607603,2.905258637,0.205332053,0,0,2.221084019,0
56,0.252054795,85.22444326,4.198690919,1.729409788,0.440672199,0.56771351,0.106308206,4.882294603,0.245009525,0,0,2.605457995,0
57,0.256555773,81.02729861,4.499558553,1.510701861,0.567919382,0.748422964,0.233153939,8.114765209,0.199071671,0,0,3.099107809,0
58,0.261056751,74.27408613,5.569725072,1.675293711,0.595939766,1.074830979,0.448808661,12.65950564,0.319659625,0,0,3.382150414,0
59,0.26555773,66.3207495,6.587294065,1.972126548,0.49782278,1.354569878,0.565219013,18.69460306,0.280073288,0,0,3.727541872,0
60,0.270058708,58.77239495,7.475977818,2.434325704,0.400986226,1.734962222,0.54961141,24.06398612,0.418561782,0,0,4.149193765,0
61,0.274559687,50.69178452,8.056838812,2.891575059,0.205652517,1.921496488,0.458910807,29.88547868,0.641843525,0,0,5.24641959,0
62,0.279060665,43.4955148,7.84748271,3.600771271,0.040546011,2.051024547,0.332065074,35.354606,1.192247045,0,0,6.085742545,0
63,0.283561644,41.67797763,6.728438182,3.979194688,0,1.626184025,0.116410352,37.48051822,1.523124509,0,0,6.868152389,0
64,0.288062622,43.02662253,5.298298048,3.94278516,0,1.282190854,0,37.58509956,1.928324188,0,0,6.936679665,0
65,0.292563601,43.63574559,4.999113662,3.692383944,0,1.025445864,0,37.45985934,2.119833686,0,0,7.067617921,0
66,0.297064579,44.21307927,4.972982382,3.339929879,0,1.076008265,0,37.73536355,2.283138862,0,0,6.379497792,0
67,0.301565558,46.54819292,5.483410082,2.929175106,0,1.000859372,0.033872691,36.08822621,2.080912261,0,0,5.835351361,0
68,0.306066536,47.94207929,5.896780317,2.547986013,0.175437505,1.062133761,0.033872691,35.39043378,1.575541808,0,0,5.375734833,0
69,0.310567515,47.69985831,7.314183695,2.330436962,0.300143474,1.307133887,0.033872691,34.40700372,1.438683163,0,0,5.168684094,0
70,0.315068493,48.43071393,6.541375651,2.222429018,0.408685903,1.256468964,0.033872691,34.84612412,1.353923693,0,0,4.90640603,0
71,0.319569472,47.9722837,5.332950182,2.152672823,0.544529537,1.204655558,0.033872691,36.11695363,1.256024274,0,0,5.386057609,0
72,0.32407045,47.0360596,4.157548154,2.038409619,0.578693958,0.804279676,0.040380564,38.47772984,0.872319905,0,0,5.99457868,0
73,0.328571429,37.17890999,3.879315223,2.296693848,0.661659061,1.123752931,0.21217842,46.1863106,1.028702809,0,0,7.432477113,0
74,0.333072407,28.41972876,3.255532562,2.692136097,0.629405666,1.443837567,0.512682257,53.62014801,0.892987446,0,0,8.533541631,0
75,0.337573386,23.57272176,3.856441279,2.950294495,0.582721839,1.755381796,0.677187954,56.89445787,0.780855637,0,0,8.929937367,0
76,0.342074364,22.20071175,5.183857763,3.411884397,0.446878205,1.927746308,0.677187954,57.07386967,0.741156521,0,0,8.336707424,0
77,0.346575342,21.57035358,6.859486469,3.683693682,0.434380138,2.325030859,0.63680739,55.84253603,1.009229801,0,0,7.638482045,0
78,0.351076321,29.79104224,7.803069085,3.679766107,0.236827864,1.997415626,0.465009534,48.98571076,0.852846897,0,0,6.188311881,0
79,0.355577299,37.63888679,8.429708674,3.431850297,0.209668589,1.432330864,0.183799016,42.63925386,0.720221224,0,0,5.314280692,0
80,0.360078278,42.32198117,9.358378572,3.386131823,0.167256913,0.978623383,0.027912788,38.32862943,0.942802936,0,0,4.488282978,0
81,0.364579256,47.27966603,10.22044978,3.123303383,0.167256913,0.49670822,0.027912788,33.7959933,1.023035064,0,0,3.865674525,0
82,0.369080235,51.49969799,11.08652864,3.044101418,0.145590559,0.266581276,0.034983741,29.34384041,1.321373391,0,0,3.257302575,0
83,0.373581213,54.51849133,12.26564732,3.139873426,0.084740225,0.354004849,0.055368911,24.73111083,2.129593079,0,0,2.721170029,0
84,0.378082192,57.83623601,13.76255775,3.518856836,0.019446926,0.526244257,0.094362941,19.1283717,3.112137236,0,0,2.00178634,0
85,0.38258317,61.0390531,14.75805049,3.902619174,0,0.565104871,0.131771193,13.99386419,3.833820299,0,0,1.721538697,0.054177989
86,0.387084149,64.34969466,15.3441466,4.183692996,0,0.555552453,0.181502197,9.220827298,4.528542377,0,0,1.428203745,0.207837672
87,0.391585127,67.35267839,15.39381794,4.552006681,0,0.388394846,0.201256644,5.455898391,5.248168094,0,0,1.172312823,0.235466195
88,0.396086106,69.57377243,15.4701703,4.841048206,0,0.247838863,0.180871474,2.75907759,5.65586697,0,0,0.796238502,0.475115666
89,0.400587084,70.94136903,15.40699978,4.935716994,0.007243699,0.075599455,0.135426638,1.19932034,6.021591299,0,0,0.457715011,0.81901775
90,0.405088063,70.76204052,16.08582728,5.026631884,0.036527479,0.036738841,0.089398917,0.394227438,6.228100302,0,0,0.201362076,1.139145258
91,0.409589041,70.16740169,16.41188956,5.256483618,0.059861532,0,0.039667913,0.163107732,6.55672089,0,0,0.075328117,1.269538947
92,0.41409002,70.37425077,16.26948722,5.229354824,0.059861532,0.01912141,0.012842513,0.109694734,6.409463915,0,0,0.03408758,1.481835503
93,0.418590998,71.60116101,15.27252957,4.982901487,0.059861532,0.01912141,0.019068386,0.090558407,6.319437538,0,0,0.03408758,1.601273085
94,0.423091977,72.49498703,14.91106463,4.814972437,0.052617832,0.01912141,0.012363253,0.065209758,5.98422202,0,0,0.03408758,1.611354042
95,0.427592955,73.07379658,14.39160092,4.775956623,0.038415785,0.078381224,0.012363253,0.039783195,5.925431626,0,0,0.014133357,1.650137435
96,0.432093933,73.42121352,14.37126247,4.808091062,0.022236346,0.153347165,0.012363253,0.019369362,5.649759897,0,0,0.019500865,1.522856057
97,0.436594912,73.47493392,14.31408148,4.750133634,0.022236346,0.203236791,0.012363253,0.018121189,5.758142707,0,0,0.019500865,1.427249819
98,0.44109589,72.70307959,15.05965152,4.724333091,0.022236346,0.250914879,0.006137379,0.023428984,5.768042703,0,0,0.019500865,1.422674638
99,0.445596869,72.37301073,15.1704485,4.596004048,0.028068752,0.312026743,0.010340399,0.033633963,5.940975267,0,0,0.019500865,1.51599073
100,0.450097847,72.55959268,15.14601037,4.394690659,0.047059994,0.312269618,0.035510699,0.032004957,5.821763185,0,0,0.050457694,1.600640146
101,0.454598826,72.8488367,14.94195454,4.187732619,0.08257213,0.285203132,0.057123502,0.048002275,5.829000221,0,0,0.053108064,1.666466815
102,0.459099804,72.43211045,15.05247358,4.353631593,0.128141391,0.216192096,0.068665036,0.047868608,5.828542363,0,0,0.064937128,1.807437762
103,0.463600783,72.53226549,14.66106242,4.720300371,0.141622369,0.168514008,0.068665036,0.042560813,5.925599958,0,0,0.064937128,1.674472405
104,0.468101761,72.67705365,14.15425751,5.243122274,0.155812668,0.142368414,0.064241085,0.032355834,6.068057916,0,0,0.064937128,1.397793521
105,0.47260274,73.60643926,13.3141651,5.411649382,0.121739694,0.129410063,0.044321125,0.027387701,6.172920901,0,0,0.033980298,1.137986476
106,0.477103718,74.24071996,12.612133,5.38608411,0.097127717,0.128805021,0.033378222,0.016655466,6.184241895,0,0,0.011829064,1.289025552
107,0.481604697,75.1460864,12.16575208,5.064249074,0.068880444,0.174179906,0.042310375,0.015367862,5.987400591,0,0,0.015737805,1.320035459
108,0.486105675,75.34739844,12.64025084,4.717476573,0.07457456,0.190922935,0.059308346,0.015367862,5.799823682,0,0,0.056387819,1.098488944
109,0.490606654,76.19463585,12.60793506,4.230529122,0.071183397,0.199522931,0.063220705,0.015367862,5.46150335,0,0,0.106756166,1.049345555
110,0.495107632,76.56237112,12.69400534,4.042546276,0.076820206,0.182509793,0.057970366,0.015367862,5.172583632,0,0,0.157969107,1.037856303
111,0.499608611,76.58279388,12.66536179,4.285458646,0.058765433,0.150234726,0.047300466,0.010102779,4.907731056,0,0,0.376759847,0.915491374
112,0.504109589,74.24056689,13.56561355,5.408578455,0.041443445,0.121332124,0.026826779,0,4.744159696,0,0,1.252287375,0.59919168
113,0.508610568,69.71470499,14.26666359,7.467052323,0.040526163,0.184299549,0.036803535,0,4.438791507,0,0,3.251966663,0.59919168
114,0.513111546,62.8665003,16.05387171,9.948000558,0.060639934,0.223236897,0.096774621,0,3.928725231,0,0,6.344535928,0.477714821
115,0.517612524,53.88363252,18.19808592,13.20788345,0.099933747,0.311401299,0.158731216,0,3.377515425,0,0,10.51154361,0.25127281
116,0.522113503,43.36602469,20.99410805,16.73392939,0.153418355,0.43648469,0.219073778,0,2.759353507,0,0,15.33760754,0
117,0.526614481,34.25983249,23.02793221,19.83668434,0.181644784,0.604859976,0.277457571,0,2.009719889,0,0,19.80186874,0
118,0.53111546,26.35059755,25.44538728,22.28538817,0.226147108,0.689549473,0.366031227,0,1.269815209,0,0,23.36708397,0
119,0.535616438,20.20056058,27.99849543,24.20096545,0.224390991,0.764167129,0.415866616,0,0.789758326,0,0,25.40579548,0
120,0.540117417,17.66954766,30.35525255,24.45592754,0.238189772,0.749032501,0.475386434,0,0.434943517,0,0,25.42511344,0.196606583
121,0.544618395,18.57215394,32.021002,23.53639229,0.225672182,0.729656837,0.53760922,0,0.229589045,0,0,23.42767717,0.720247314
122,0.549119374,21.90099329,32.95115986,21.62844858,0.251734283,0.658576153,0.532162552,0,0.163020529,0,0,20.3213054,1.592599352
123,0.553620352,28.74034939,32.2909216,18.83977636,0.219812247,0.591112554,0.416614168,0,0.189563374,0,0,16.06061532,2.651234984
124,0.558121331,38.60674626,29.93296078,14.96776562,0.224330261,0.433991284,0.296978886,0,0.189563374,0,0,11.71051234,3.637151197
125,0.562622309,48.90298218,26.91502117,11.16298031,0.180843428,0.35139424,0.182258445,0,0.181966409,0,0,7.819187765,4.303366059
126,0.567123288,58.79933676,23.34967677,7.793590167,0.139876411,0.230667166,0.073317141,0,0.129636244,0,0,4.918385665,4.565513667
127,0.571624266,67.7744209,19.67623149,4.879310014,0.085587882,0.155062654,0.039751747,0,0.083057152,0,0,2.708939554,4.597638607
128,0.576125245,74.99633212,16.28692387,2.452832547,0.054749781,0.091979145,0.051207851,0,0.077370664,0,0,1.364085096,4.624518922
129,0.580626223,79.1295634,13.92256017,1.389267564,0.047227924,0.125493352,0.051207851,0,0.077370664,0,0,0.567411123,4.689897949
130,0.585127202,81.31496893,12.38614797,1.19566418,0.060498306,0.161546605,0.044451879,0,0.092178668,0,0,0.240626089,4.503917374
131,0.58962818,82.37198059,11.66061697,1.1728931,0.104772464,0.200205271,0.030827834,0,0.067375473,0,0,0.134234857,4.257093439
132,0.594129159,82.56631469,11.50839468,1.309894256,0.127833585,0.202315246,0.011456103,0,0.068675405,0,0,0.094526196,4.110589832
133,0.598630137,82.24788674,11.73593676,1.598733091,0.168876863,0.168462403,0,0.005984463,0.055178757,0,0,0.094526196,3.924414731
134,0.603131115,82.18830068,11.90322537,1.723770067,0.155903306,0.134948196,0,0.005984463,0.075633453,0,0,0.059654037,3.752580433
135,0.607632094,81.91913922,11.92562355,1.711838195,0.139296658,0.078931014,0.010554473,0.005984463,0.06543568,0,0,0.045633769,4.097562982
136,0.612133072,81.694279,11.68590405,1.73016673,0.0950225,0.040272348,0.026294408,0.005984463,0.11001054,0,0,0.059182232,4.552883728
137,0.616634051,81.12105561,11.79720258,1.861209848,0.084630532,0,0.037525116,0.005984463,0.139721904,0,0,0.116734706,4.835935239
138,0.621135029,80.61523319,12.28907447,1.948590837,0.043587254,0,0.037525116,0,0.177136372,0,0,0.192354271,4.696498493
139,0.625636008,79.88582624,13.10955156,1.997980909,0.024575456,0,0.037525116,0,0.156681675,0,0,0.231753955,4.556105084
140,0.630136986,79.76699081,13.50996305,2.035525612,0.0193292,0,0.026970643,0,0.151037254,0,0,0.250549058,4.239634369
141,0.634637965,79.71177794,13.7736684,2.024128347,0.039777458,0,0.011230708,0,0.113795787,0,0,0.233931856,4.09168951
142,0.639138943,80.09961051,13.60807411,1.920354773,0.041020254,0,0.006166199,0,0.081724772,0,0,0.201658644,4.041390734
143,0.643639922,80.59809905,13.05257006,1.856580695,0.041020254,0,0.019564511,0,0.045081341,0,0,0.167235377,4.219848719
144,0.6481409,81.42522095,12.31546221,1.844917684,0.041020254,0,0.025655537,0.012022513,0.07465198,0,0,0.127835692,4.133213173
145,0.652641879,81.87835108,11.94942168,1.941167999,0.034360207,0,0.025655537,0.012022513,0.089860286,0,0,0.160312936,3.908847761
146,0.657142857,81.88564904,11.86730116,2.053828709,0.013911949,0,0.025655537,0.012022513,0.117332005,0,0,0.158426236,3.865872856
147,0.661643836,82.00143308,11.65016275,2.143793034,0,0,0.030023195,0.012022513,0.107665224,0,0,0.203322817,3.851577391
148,0.666144814,82.33901416,11.4523508,2.096961169,0,0,0.025503819,0.012022513,0.121087154,0,0,0.198527053,3.75453333
149,0.670645793,82.46835166,11.29638186,2.071450552,0,0,0.027691856,0,0.106588924,0,0,0.228225659,3.801309493
150,0.675146771,82.51642639,11.14826944,1.968561364,0,0,0.027691856,0,0.094588754,0,0,0.184684724,4.059777466
151,0.67964775,83.01287731,10.8452334,1.835302486,0,0,0.027691856,0,0.059783642,0,0,0.154204085,4.064907217
152,0.684148728,83.47749598,10.63882773,1.721313737,0,0,0.017157999,0,0.06454416,0,0,0.098844569,3.981815822
153,0.688649706,83.79910613,10.53913696,1.710832641,0,0,0.008279063,0,0.072982431,0,0,0.077639641,3.792023137
154,0.693150685,83.62818443,10.68473578,1.74398393,0,0,0,0,0.094704528,0,0,0.068655242,3.779736094
155,0.697651663,83.58199862,10.90425876,1.767813456,0.005819762,0.015244846,0,0,0.103115239,0,0,0.07137767,3.550371643
156,0.702152642,83.36688883,11.1242648,1.777656819,0.005819762,0.043169025,0,0,0.114584422,0,0,0.066588685,3.501027663
157,0.70665362,83.36801164,11.25548247,1.779557767,0.005819762,0.069694481,0.00897645,0,0.11338103,0,0,0.051772358,3.347304042
158,0.711154599,82.74249523,11.4113861,1.79058768,0.005819762,0.09775187,0.037461061,0,0.106437875,0,0,0.036576753,3.771483671
159,0.715655577,82.79370888,11.20656025,1.724035195,0.005819762,0.125952,0.066090586,0,0.092808412,0,0,0.015862547,3.969162374
160,0.720156556,82.65662067,10.99214155,1.641514917,0,0.110707154,0.086719853,0,0.086542894,0,0,0.010571598,4.415181365
161,0.724657534,83.04629112,10.73470323,1.564584538,0,0.082782974,0.091664977,0.004880362,0.075073711,0,0,0.010571598,4.389447493
162,0.729158513,82.84231463,10.67848518,1.486140801,0,0.056257518,0.082688527,0.018127572,0.069592646,0,0,0.010571598,4.755821521
163,0.733659491,83.33598752,10.46961201,1.375662988,0,0.028200129,0.054203916,0.026405908,0.051635215,0,0,0.010571598,4.647720719
164,0.73816047,83.44693607,10.29538565,1.288183554,0,0,0.029297241,0.033754098,0.028470171,0,0,0.010571598,4.867401615
165,0.742661448,83.65981136,10.05850879,1.252315906,0,0,0.01270347,0.033754098,0.015951331,0,0,0.008272061,4.958682987
166,0.747162427,83.66784179,9.853091913,1.231592238,0,0,0.02690833,0.040213251,0.015951331,0,0,0.02397371,5.140427442
167,0.751663405,84.12535572,9.777475905,1.237240611,0,0,0.051389633,0.035019604,0.00509036,0,0,0.061610504,4.706817665
168,0.756164384,84.07862775,9.933783076,1.240151863,0,0,0.067021712,0.034454947,0,0,0,0.085642776,4.56031788
169,0.760665362,84.08341948,10.16678232,1.241506009,0.017994046,0,0.063298862,0.027106757,0,0,0,0.122426675,4.277465852
170,0.765166341,84.16276846,10.13939658,1.239873861,0.036479126,0.0121054,0.059263366,0.027106757,0,0,0,0.13094914,4.192057302
171,0.769667319,84.37211903,9.908313056,1.261277873,0.045524211,0.03579897,0.040113381,0.015767242,0,0,0,0.13579216,4.185294074
172,0.774168297,84.6160932,9.482149351,1.290712499,0.045524211,0.03579897,0.015632079,0.011773479,0.009985506,0,0,0.098155366,4.394175337
173,0.778669276,85.23627915,9.075715692,1.342381784,0.045524211,0.03579897,0,0.0040598,0.015055696,0,0,0.086967735,4.158216963
174,0.783170254,85.61593798,8.909769197,1.419524567,0.032766548,0.03579897,0,0.0040598,0.026323289,0,0,0.0644563,3.891363346
175,0.787671233,85.61909883,9.143465121,1.460074371,0.019320954,0.02369357,0,0.0040598,0.026323289,0,0,0.056818974,3.647145093
176,0.792172211,85.42844528,9.520622022,1.472541586,0.019572641,0,0,0.0040598,0.041326814,0,0,0.044720842,3.468711014
177,0.79667319,85.10540418,9.966221207,1.4530059,0.019572641,0,0,0,0.059202757,0,0,0.052563423,3.344029891
178,0.801174168,85.0372192,10.18067548,1.359683402,0.027638406,0,0,0,0.084505274,0,0,0.065367169,3.244911072
179,0.805675147,85.15258605,9.992992646,1.241506801,0.026227914,0.010021904,0.010174505,0,0.102051468,0,0,0.061522682,3.402916032
180,0.810176125,85.79402842,9.329884108,1.090219865,0.031984318,0.019448503,0.026124729,0,0.13302545,0,0,0.062174034,3.513110575
181,0.814677104,86.38149528,8.794632859,0.992842208,0.022687545,0.047782975,0.035713367,0,0.137418092,0,0,0.053727498,3.533700172
182,0.819178082,86.60060524,8.708696339,0.887344206,0.022687545,0.067927194,0.035713367,0,0.134377898,0,0,0.049378323,3.493269887
183,0.823679061,86.24569644,8.906982094,0.873866454,0.01462178,0.097710244,0.035713367,0,0.116237861,0,0,0.023729936,3.685441822
184,0.828180039,85.58401113,9.447891531,0.890809043,0.01079589,0.117601901,0.025538862,0,0.099710348,0,0,0.030593968,3.793047324
185,0.832681018,84.79436272,10.13625877,1.063880584,0,0.137549687,0.009588638,0,0.080801184,0,0,0.034369681,3.743188738
186,0.837181996,83.96907415,10.73967133,1.300725679,0,0.119039429,0,0,0.077545253,0,0,0.047999386,3.745944774
187,0.841682975,83.01032751,11.02547701,1.819826886,0,0.098895211,0,0.003327631,0.065000989,0,0,0.058329137,3.918815626
188,0.846183953,81.12266995,11.44729968,2.828386887,0,0.069112161,0,0.003327631,0.05276832,0,0,0.0892589,4.387176473
189,0.850684932,77.59937061,12.29874565,4.696889088,0.010946197,0.039198599,0,0.003327631,0.040482047,0,0,0.118377414,5.192662764
190,0.85518591,70.88457799,13.91873617,8.041277854,0.018440692,0.009824215,0,0.003327631,0.028417227,0,0,0.135434034,6.959964187
191,0.859686888,61.27464721,15.99681125,12.94974802,0.018440692,0,0,0.003327631,0.019841978,0,0,0.140969205,9.596214014
192,0.864187867,48.61519681,18.63801082,19.42567549,0.018440692,0.018811215,0,0,0.007564987,0,0,0.136932759,13.13936723
193,0.868688845,36.18103523,21.0231761,25.73519378,0.018440692,0.018811215,0,0,0.007564987,0,0,0.111977357,16.90380063
194,0.873189824,24.24391634,23.57706879,31.55287064,0.007494495,0.018811215,0.012155939,0,0.007564987,0,0,0.068681526,20.51143607
195,0.877690802,15.31922918,25.99786201,35.48425664,0.006656208,0.018811215,0.044608513,0,0.007564987,0,0,0.038040641,23.08297061
196,0.882191781,8.264197005,29.69419093,37.69409056,0.006656208,0.018811215,0.085679644,0,0.007668909,0,0,0.018875765,24.20982977
197,0.886692759,4.796924082,33.89904727,37.61412073,0.010234234,0,0.241096855,0,0.019217648,0,0,0.009089054,23.41027012
198,0.891193738,2.192490328,39.44729337,36.63017531,0.010234234,0.019417932,0.632083324,0,0.035168542,0,0,0.097403392,20.93573357
199,0.895694716,1.054520875,44.91309688,34.8282789,0.010234234,0.078796457,1.500724097,0,0.035168542,0,0,0.262479738,17.31670028
200,0.900195695,0,49.77296925,32.83675064,0.003578026,0.188558627,3.247830532,0,0.035168542,0,0,0.435524566,13.47961981
201,0.904696673,0,52.56545599,29.98864628,0.05433798,0.39312096,6.342684277,0,0.027499633,0,0,0.510022391,10.11823249
202,0.909197652,0.661201995,53.37340587,26.22500589,0.245102322,0.602741779,10.76105013,0,0.015950894,0,0,0.586189315,7.529351801
203,0.91369863,1.100607851,52.53314355,21.5092395,0.61398578,0.847781858,16.65192041,0,0,0,0,0.643598827,6.099722222
204,0.918199609,1.453952967,50.47605951,16.29390622,1.129193987,1.054230886,23.27919105,0,0,0,0,0.787467667,5.525997723
205,0.922700587,1.635353291,48.19669701,11.06063364,1.754370134,1.311889442,29.75570476,0,0,0,0,1.058628468,5.226723254
206,0.927201566,2.060913295,45.86522644,6.639668332,2.380523476,1.656166041,34.85985065,0,0.013005135,0,0,1.52592179,4.998724835
207,0.931702544,1.865647965,44.07454515,3.635251211,2.816148473,2.136823807,38.46559218,0,0.066164248,0,0,1.947291069,4.992535897
208,0.936203523,2.909980743,41.88430438,2.147735344,3.005178835,2.587321337,39.74814723,0,0.08343782,0,0,2.138381638,5.495512671
209,0.940704501,3.544494784,40.34464625,1.588347514,2.90462703,3.247614487,39.84311346,0,0.08343782,0,0,2.123743325,6.319975333
210,0.945205479,5.437964814,38.90176429,1.460720209,2.615082174,4.260025709,38.22761151,0,0.08343782,0,0,2.005649935,7.007743541
211,0.949706458,9.622536367,36.87664339,1.467442511,2.064118475,6.093974933,34.80500528,0,0.070432685,0,0,1.726625976,7.273220383
212,0.954207436,16.45218133,34.07427019,1.399199916,1.520224017,8.666346139,29.34536078,0,0.033615702,0,0,1.367091725,7.1417102
213,0.958708415,25.24791865,31.03107005,1.561023703,0.981039817,11.10363519,22.77713353,0,0.056644336,0,0,1.096623929,6.144910799
214,0.963209393,35.59468005,27.66207555,1.812529633,0.591507879,13.52083731,15.3656379,0,0.153956953,0,0,0.908770545,4.390004185
215,0.967710372,44.97143918,24.97877562,2.089579588,0.286960946,15.30302372,8.770992246,0,0.243139629,0,0,0.634434457,2.721654616
216,0.97221135,51.35369236,23.37050853,2.346734176,0.179224829,16.45078626,4.001964316,0,0.34111858,0,0,0.426826488,1.529144459
217,0.976712329,55.8235124,22.58460824,2.659063921,0.093151922,16.11335645,1.327597821,0,0.42835089,0,0,0.323810123,0.646548226
218,0.981213307,57.60082661,22.42348511,2.639811439,0.074422302,15.8772779,0.391956608,0,0.520314982,0,0,0.338361435,0.13354362
219,0.985714286,58.58362583,22.40453923,2.611378074,0.049297838,15.26026235,0.200418659,0,0.590967101,0,0,0.276072812,0.023438106
220,0.990215264,59.18262939,22.02490783,2.73683421,0.01821348,15.00595008,0.154493545,0.005921384,0.611016446,0,0,0.236595532,0.023438106
221,0.994716243,60.84354146,21.07015848,2.821720911,0,14.27904565,0.106056932,0.005921384,0.59729579,0,0,0.205153763,0.071105629
222,0.999217221,61.9668865,20.2475305,2.948476295,0,13.90867473,0.066345922,0.005921384,0.620487568,0,0,0.188009574,0.047667524
223,1.0037182,63.31457916,19.61386397,3.040785464,0,13.25412855,0.005802575,0.005921384,0.616114093,0,0,0.101137278,0.047667524
224,1.008219178,64.44519099,19.12620888,3.092176068,0.036133435,12.64170262,0.005802575,0.005921384,0.545338805,0,0,0.053857718,0.047667524
225,1.012720157,66.14134395,18.26154346,2.93753984,0.067228721,11.90067263,0.005802575,0.010881504,0.449488889,0,0,0.041558846,0.183939585
226,1.017221135,67.2216655,17.9802297,2.88394056,0.067228721,11.18665145,0.005802575,0.010881504,0.365230594,0,0,0.067397953,0.21097144
227,1.021722114,68.46808108,17.52532101,2.724714677,0.067228721,10.64727826,0,0.017114121,0.276788823,0,0,0.062501867,0.21097144
228,1.026223092,68.66939956,17.50286474,2.719837239,0.067228721,10.49812817,0,0.049183047,0.219885215,0,0,0.062501867,0.21097144
229,1.03072407,69.01874074,17.16862145,2.627332628,0.031095286,10.51347732,0,0.061034948,0.232012021,0,0,0.062501867,0.285183744
230,1.035225049,69.11884861,17.23185203,2.619167084,0.0130174,10.11995089,0,0.050153443,0.344678106,0,0,0.115722885,0.386609547
231,1.039726027,69.97475588,16.74607445,2.389953402,0.019004681,9.739844851,0.026537453,0.050153443,0.402653273,0,0,0.142322325,0.508700238
232,1.044227006,70.58796814,16.33874757,2.201509723,0.019004681,9.484705351,0.048199762,0.043920826,0.403766044,0,0,0.162679976,0.709497929
233,1.048727984,71.64138738,15.64825375,1.817931173,0.019004681,9.325011407,0.075283234,0.027889169,0.372222183,0,0,0.162679976,0.91033704
234,1.053228963,72.4618694,15.33461067,1.508268852,0.031229582,9.037108327,0.075283234,0.037427218,0.308940412,0,0,0.168233413,1.037028889
235,1.057729941,72.44989003,15.33921257,1.35702134,0.024471109,9.296967862,0.086379821,0.048378482,0.243497748,0,0,0.149131491,1.005049546
236,1.06223092,71.26350625,16.08814466,1.423189921,0.018483828,9.772286767,0.083886876,0.048378482,0.229296701,0,0,0.140745173,0.932081343
237,1.066731898,69.38962171,17.37546635,1.574799868,0.018483828,10.32839011,0.103482663,0.048378482,0.273317526,0,0,0.156775813,0.731283653
238,1.071232877,68.56284492,18.11847486,1.670281375,0.018483828,10.37068421,0.101404725,0.032341213,0.309745025,0,0,0.208032788,0.607707057
239,1.075733855,68.00535177,18.87624053,1.48404858,0.006258927,10.3492019,0.101404725,0.010951264,0.349955633,0,0,0.214617703,0.601968965
240,1.080234834,68.32985518,19.00233651,1.411042351,0,9.876512422,0.090308138,0,0.380038362,0,0,0.246869811,0.663037227
241,1.084735812,69.23337954,18.84635726,1.336491818,0,9.023050443,0.06626363,0,0.442102412,0,0,0.233718545,0.818636351
242,1.089236791,71.22991663,17.73657515,1.225017844,0,8.016769353,0.025005534,0,0.464157316,0,0,0.269030845,1.033527328
243,1.093737769,73.03262492,16.74300094,1.269361244,0,7.131253256,0,0,0.475088739,0,0,0.281913396,1.066757506
244,1.098238748,74.38759921,15.5103969,1.730560272,0,6.698005261,0,0,0.443957645,0,0,0.316316341,0.913164368
245,1.102739726,75.4445091,14.94470924,1.89604518,0,6.324432571,0.005501449,0,0.386654849,0,0,0.283776161,0.714371458
246,1.107240705,75.95589564,14.51796666,1.977637308,0,6.391900351,0.016383775,0,0.313836294,0,0,0.279348198,0.547031773
247,1.111741683,75.6036241,15.05783154,1.983294431,0.00603295,6.282791757,0.016383775,0,0.253759086,0,0,0.2878828,0.50839956
248,1.116242661,74.29259846,15.74174682,2.070686418,0.00603295,6.658879549,0.016383775,0,0.22664745,0,0,0.318957923,0.668066649
249,1.12074364,72.67285073,17.05822341,1.978843319,0.00603295,6.999585227,0.016383775,0,0.208102935,0,0,0.334179197,0.725798461
250,1.125244618,71.39837511,17.6358353,1.855673832,0.00603295,7.772663189,0.010882326,0,0.181597397,0,0,0.341016666,0.797923226
251,1.129745597,70.2812764,18.40552894,1.844417471,0.018180833,8.044439594,0.010768624,0,0.174717473,0,0,0.290826216,0.929844449
252,1.134246575,69.88292687,18.4333105,1.911807017,0.035691385,8.246430213,0.057727009,0,0.179942401,0,0,0.197645713,1.0545189
253,1.138747554,70.34410372,18.39273175,1.91764935,0.077613155,7.735387201,0.104179522,0.009168832,0.18790489,0,0,0.102431064,1.128830512
254,1.143248532,72.26943365,17.0792079,1.931834713,0.10703238,6.920003113,0.134605012,0.009168832,0.214639397,0,0,0.089671089,1.244403921
255,1.147749511,73.73272276,16.41263731,1.945891254,0.136065618,5.961535552,0.1517629,0.009168832,0.280645141,0,0,0.088569599,1.281001034
256,1.152250489,75.05446666,15.56069974,1.958693004,0.139763705,5.453152315,0.150358831,0.013789789,0.317016978,0,0,0.122162077,1.229896896
257,1.156751468,75.72100799,15.06633058,1.899001037,0.14934799,5.337320395,0.11808369,0.013789789,0.331700009,0,0,0.17232555,1.191092971
258,1.161252446,75.85413609,14.63217952,1.891803148,0.155920509,5.633027959,0.081184131,0.00933488,0.310422443,0,0,0.211489321,1.220501995
259,1.165753425,75.10024454,14.90219269,1.88275527,0.164838112,6.001504813,0.059254664,0.00933488,0.283209053,0,0,0.20602514,1.39064084
260,1.170254403,74.44537693,15.13632966,1.981586355,0.135804873,6.251588337,0.042096777,0.00933488,0.234119646,0,0,0.226742751,1.537019786
261,1.174755382,74.65886008,15.05041879,1.824744369,0.119958903,6.234686285,0.032732222,0.004713923,0.198489183,0,0,0.242333289,1.633062952
262,1.17925636,75.12308169,15.0764659,1.659818601,0.086831117,6.105881401,0.018048978,0.004713923,0.176840157,0,0,0.229068005,1.519250226
263,1.183757339,75.37250356,15.37076406,1.629902853,0.038336827,5.920969982,0.008496025,0,0.186187554,0,0,0.189904234,1.282934902
264,1.188258317,74.90997559,16.23164257,1.589747548,0,5.892454499,0,0,0.191467723,0,0,0.146365819,1.038346246
265,1.192759295,74.93094728,16.53145627,1.514507717,0,5.869064773,0,0.004825187,0.227011747,0,0,0.086081205,0.836105829
266,1.197260274,74.71422214,16.62024838,1.504175383,0.010618029,6.225679943,0,0.004825187,0.234402333,0,0,0.041721667,0.644106937
267,1.201761252,74.8929354,16.24826394,1.508510446,0.025157963,6.552680883,0,0.004825187,0.227209022,0,0,0.009226873,0.531190286
268,1.206262231,75.13374324,15.88248035,1.358518169,0.025157963,6.949448713,0,0.004825187,0.201179792,0,0,0.051021394,0.393625191
269,1.210763209,75.44369952,15.30983278,1.276526124,0.025157963,7.244712628,0.004474934,0.013657846,0.230414809,0,0,0.087712726,0.363810667
270,1.215264188,74.77757905,15.28895854,1.264347336,0.025157963,7.748575988,0.004474934,0.013573804,0.235211931,0,0,0.141873885,0.500246571
271,1.219765166,73.09883904,16.07754324,1.483676133,0.014539933,8.27956935,0.009388978,0.028122869,0.260581881,0,0,0.162232734,0.585505841
272,1.224266145,71.25023645,17.11741626,1.747047982,0.020114473,8.611962259,0.013846651,0.032522164,0.251131845,0,0,0.185241694,0.770480223
273,1.228767123,69.72781265,17.95728217,1.934778551,0.038896804,8.888708603,0.030496454,0.032522164,0.287111511,0,0,0.177576358,0.924814733
274,1.233268102,69.03547693,18.34429975,1.988419327,0.079788598,8.841187291,0.050187504,0.031639338,0.280054455,0,0,0.186293066,1.162653736
275,1.23776908,69.62101362,18.06680941,1.993256299,0.097253151,8.504596898,0.069539558,0.030717917,0.30047216,0,0,0.171800238,1.144540753
276,1.242270059,71.10205481,17.30240722,1.913167422,0.118424216,7.791542683,0.090899765,0.027281776,0.28638624,0,0,0.17354672,1.194289147
277,1.246771037,72.28904374,16.63317581,1.837022111,0.107330871,7.344332083,0.110432723,0.022882481,0.317569631,0,0,0.166624617,1.171585927
278,1.251272016,73.00236343,16.32390133,1.826073961,0.08854854,6.98809511,0.122929734,0.022882481,0.312537774,0,0,0.141030556,1.171637089
279,1.255772994,73.17743547,16.32442104,1.866061462,0.057873144,7.000515139,0.116876624,0.014932647,0.3039479,0,0,0.109545602,1.028390971
280,1.260273973,73.20581789,16.34314039,1.849205468,0.05489666,6.971442887,0.106086641,0.011112924,0.281743349,0,0,0.069877272,1.106676516
281,1.264774951,72.93361665,16.53426146,1.764630176,0.067645583,7.060512979,0.092698995,0,0.288322442,0,0,0.047351009,1.210960699
282,1.26927593,73.40465515,16.3434596,1.679666549,0.085262115,6.81799148,0.084450526,0.003884,0.273076712,0,0,0.05106227,1.256491605
283,1.273776908,73.99527134,16.09386893,1.604922308,0.099475124,6.544657649,0.072102749,0.003884,0.268502754,0,0,0.111397321,1.205917815
284,1.278277886,74.87342629,15.67940987,1.588094145,0.089258726,6.117081787,0.053989874,0.008145024,0.265946086,0,0,0.163851177,1.160797023
285,1.282778865,75.31911648,15.71669384,1.639594779,0.07960272,5.814065558,0.049711237,0.008145024,0.286776178,0,0,0.225313211,0.860980978
286,1.287279843,75.92389293,15.61049187,1.689906605,0.055340225,5.429666034,0.045385624,0.008145024,0.302179322,0,0,0.269169136,0.665823228
287,1.291780822,75.88343515,15.72515603,1.706757483,0.042957233,5.384461908,0.050703804,0.004261024,0.305199911,0,0,0.335624671,0.56144279
288,1.2962818,75.76542858,15.56762425,1.589692986,0.033489752,5.585229529,0.05914512,0.004261024,0.289975848,0,0,0.370231119,0.734921793
289,1.300782779,75.55990321,15.31305944,1.438670019,0.033489752,6.018223595,0.085970911,0,0.270132043,0,0,0.453107818,0.827443205
290,1.305283757,75.02566668,15.29749182,1.243649379,0.037936747,6.547060639,0.094025758,0,0.25683442,0,0,0.518102381,0.979232174
291,1.309784736,74.31285707,15.68887871,1.149676521,0.058346375,7.005827763,0.089906988,0,0.286343694,0,0,0.570007462,0.838155411
292,1.314285714,73.51547343,16.28898112,1.121253016,0.064563169,7.424464026,0.068846646,0,0.328434685,0,0,0.488650037,0.699333869
293,1.318786693,73.53308602,16.38345638,1.24789273,0.073740161,7.346494681,0.043606293,0,0.382457235,0,0,0.414688296,0.574578208
294,1.323287671,73.76753778,16.6910638,1.413048299,0.073740161,6.949635008,0.016780502,0,0.401038844,0,0,0.278390284,0.408765316
295,1.32778865,74.36811364,16.70157429,1.600530336,0.064461104,6.377503228,0.012964619,0.004205393,0.38287386,0,0,0.1606684,0.327105135
296,1.332289628,74.89110466,16.6416316,1.708239415,0.039255741,5.938475912,0.030071195,0.004205393,0.332903344,0,0,0.087007607,0.327105135
297,1.336790607,75.78548924,16.01521169,1.663769625,0.031921542,5.572607567,0.065008204,0.004205393,0.301340035,0,0,0.137386954,0.423059759
298,1.341291585,76.34206852,15.7221669,1.624672496,0.035282177,5.440981937,0.084159255,0.004205393,0.234364253,0,0,0.194235949,0.317863124
299,1.345792564,76.85245134,15.095926,1.548095387,0.035282177,5.434898567,0.095945591,0.004205393,0.197529304,0,0,0.261813421,0.473852826
300,1.350293542,76.81851435,14.77381508,1.598602691,0.035282177,5.574254369,0.091932577,0,0.162230337,0,0,0.317782843,0.627585579
301,1.354794521,76.82332906,14.51585313,1.665642545,0.030420418,5.619557403,0.085332343,0,0.151439711,0,0,0.357670956,0.750754429
302,1.359295499,76.45034517,14.5540262,1.823155367,0.038270712,5.679674047,0.073651145,0,0.145708368,0,0,0.35042937,0.884739616
303,1.363796477,76.36074784,14.69083817,1.858257592,0.020987557,5.534286461,0.058842072,0,0.191593926,0,0,0.339718016,0.944728365
304,1.368297456,76.39773629,14.74004187,1.882528118,0.029797407,5.40055687,0.047055735,0,0.272073617,0,0,0.335224295,0.894985797
305,1.372798434,77.04114987,14.66756934,1.769853408,0.043952819,5.131181269,0.042546352,0,0.336879797,0,0,0.313389586,0.653477556
306,1.377299413,77.72330739,14.26231854,1.615974553,0.058494816,5.082779387,0.03189476,0,0.368391609,0,0,0.273422829,0.583416111
307,1.381800391,78.02933653,14.39748501,1.453438518,0.037507259,5.048442291,0.027134531,0,0.351257745,0,0,0.225724536,0.429673579
308,1.38630137,78.22378817,14.15842706,1.318149179,0.037507259,5.068781472,0.042608631,0,0.311150898,0,0,0.190691507,0.648895825
309,1.390802348,78.14980084,14.06744267,1.266174579,0.028697409,5.152331481,0.050112413,0,0.24368812,0,0,0.153105734,0.88864675
310,1.395303327,78.57436978,13.38071554,1.232879606,0.014541997,5.156279402,0.050112413,0,0.195838789,0,0,0.138420777,1.256841699
311,1.399804305,78.79207575,12.89467728,1.276971875,0.004258129,5.163569225,0.045815443,0.007450463,0.141784825,0,0,0.111996661,1.561400348
312,1.404305284,79.42955712,12.34320885,1.253564343,0.013113467,4.872030012,0.02731986,0.022944676,0.122403896,0,0,0.107257572,1.80860021
313,1.408806262,79.15757893,12.62640917,1.315554706,0.018045741,4.974773816,0.01187605,0.031574691,0.099346112,0,0,0.066638075,1.698202706
